,0,1,2,3,4,5,6,7,8,9
0,0.12442994816538622,0.19172452643437188,0.11322755742437465,0.21155492129169107,0.09042156927011585,0.15787352880793465,0.015327123835072932,0.0005272874480057951,0.026587068374547933,0.06832646894849906
1,0.011451206123025786,0.1491055267465654,0.08371269677239354,0.1391246897707209,0.05355282909431359,0.1879976866310042,0.012843280561053471,0.10567128466570841,0.06879167402929999,0.18774912560591478
2,0.20395910736231657,0.05146945657999352,0.15497503210457816,0.147991932796759,0.10734085670774074,0.07924002291341706,0.03862283393691934,0.10933840159668827,0.04804514636584677,0.05901720963574052
3,0.07552058091942773,0.08231251763109446,0.15498203232563929,0.12194440371508863,0.07812345946886932,0.12571732278729714,0.12916756467613932,0.12075128629081565,0.03145615977455734,0.08002467241107114
4,0.30304231087696615,0.02287397963476149,0.003338996938463249,0.08297089974569928,0.301297017726925,0.052008595904787236,0.01013747554564088,0.012386447916081128,0.17042139152704164,0.04152288418363397
5,0.1811089449837468,0.029976671175919012,0.13496512268047098,0.08996326900968978,0.023407129846073956,0.03385146526814215,0.054539163546851795,0.06846775522618302,0.19175974781819768,0.19196073044472467
6,0.011626989546596009,0.07985406731299624,0.251005937749361,0.17218688930678097,0.10568052915905247,0.026358886278270516,0.16599237208530038,0.07187709963312447,0.05791716080588588,0.057500068122632045
7,0.12672565984623013,0.02020222065568013,0.026624633474442154,0.12811675645792509,0.20013313581640685,0.11041319171763293,0.10301520398543287,0.05123849933739612,0.034444064435893366,0.1990866342729603
8,0.12124053746470241,0.04089756109340657,0.17947060495546394,0.10074478536535726,0.17710621519312086,0.1266042291494797,0.021165221055060277,0.05193448560789524,0.1443076870148577,0.03652867310065588
9,0.0533272240588417,0.161108225123559,0.19391804720874126,0.16028827491009884,0.09698879073944765,0.10299461334423565,0.1349654601317095,0.017382975201943502,0.06407463612194479,0.014951753159478274
10,0.12416130843885,0.02111407881412748,0.22190197150220398,0.0720002802663148,0.15991703601907584,0.024548337988583756,0.028742946893045445,0.030220648182946314,0.26993732295642436,0.04745606893842797
11,0.17810875123851583,0.03878210878629525,0.16529133257960285,0.12497719798230308,0.03836728911979494,0.08397266719840261,0.07506587450007764,0.1467563896571059,0.019818726279178474,0.12885966265872342
12,0.12823670372399332,0.15560694556027194,0.05778532113879018,0.1002050054767816,0.0775436814645487,0.1402796150843084,0.06674980337077753,0.13772410548240796,0.04700897410060144,0.08885984459751887
13,0.16779252258481198,0.040108567338738674,0.024968306932205322,0.00859354416013745,0.13567959970033977,0.1410157937281796,0.16461521771344026,0.14190888016537215,0.16659010938493904,0.008727458291835757
14,0.09678098791168488,0.071411924001198,0.18688334663911274,0.09022784302054143,0.13757392432821183,0.011548983970389306,0.07969535525814699,0.00446647014747722,0.17840038462981772,0.1430107800934199
15,0.021505333206456506,0.027595890718284034,0.1604607532579401,0.17130949435505552,0.18042284969502273,0.009911875553188218,0.0015193231848802105,0.16023939170277182,0.07587514588846342,0.19115994243793738
16,0.010157448665796065,0.1147811536587121,0.04085153093677148,0.22284283475048236,0.07829441504670363,0.12632584088975232,0.04126599370079575,0.012147903712721692,0.10361076976811416,0.24972210887015048
17,0.20363216529931633,0.00178400056728455,0.04935742035530949,0.18449794779886494,0.1351132798905375,0.12435155226671388,0.06873598454507442,0.041086792977369335,0.15820200933373063,0.033238846965799096
18,0.1471469638518456,0.09113040887082213,0.025062909004411445,0.1121518991089704,0.002717290680848555,0.14216011284210156,0.10419295734229614,0.13208479990772612,0.14544775743914581,0.09790490095183223
19,0.024718843261973416,0.09779620955633705,0.2806245490854861,0.02932179786253212,0.10178867400315324,0.10091876821648803,0.18425670108490755,0.12501978559069815,0.003726894788382567,0.05182777655004173
20,0.14748947550741123,0.0722117436684446,0.10123505997265532,0.025462974319976347,0.049711228920785534,0.1532840424888353,0.04557619174087556,0.12166889875712106,0.12753121539338466,0.15582916923051038
21,0.1834320042961012,0.08643975590399386,0.1680107711082405,0.05109312955635413,0.17839688643687437,0.06315330321189418,0.06352064470281442,0.030580222831586623,0.006539107462971317,0.16883417448916943
22,0.050498267620709886,0.005098163778696891,0.021615727309307314,0.18960199189815086,0.06493203903545171,0.036613833161662904,0.10629585054908593,0.2012184173888086,0.12342585030959528,0.20069985894853062
23,0.24100624101383525,0.017934375166982083,0.07064719416892683,0.0029632600108982243,0.1555035645093373,0.04024859586171335,0.038310846327029156,0.1701900819192689,0.22009751781926115,0.0430983232027477
24,0.06732382345839834,0.22222199150306726,0.1618176949118319,0.006005601560685933,0.028676228717816745,0.040724083099683506,0.01941265062092929,0.0648686106296894,0.19075684609718946,0.1981924694007081
25,0.04902794570254828,0.1448582042007387,0.045422961085101105,0.20229627263396638,0.1685505593298599,0.06366047178725373,0.00298004359222715,0.16527636304761736,0.03497286798316878,0.12295431063751859
26,0.08545144884683242,0.13102507211369138,0.12709764723986097,0.14122628800534298,0.13384374806689242,0.044322712691010714,0.09001651333509904,0.017724553218213476,0.07958075409129614,0.14971126239176027
27,0.1550319250001603,0.09034015327716191,0.13978663085657447,0.1528871742495809,0.07056742587574649,0.10805592230882527,0.11081902072759348,0.014214776098124443,0.026189946301092323,0.13210702530514037
28,0.025333515911970216,0.13694217278634346,0.04241255590783716,0.13088110514919116,0.011485439396508087,0.13691173095077766,0.1644339549168253,0.13992510148605505,0.07262737519132552,0.13904704830316636
29,0.010092144141377324,0.09125537035426436,0.02432689191096619,0.056848080776321884,0.17239819839149395,0.16943924708917152,0.08615131903207639,0.1775682370168817,0.18701629946307735,0.024904211824369204
30,0.00210433698084142,0.013901500323789694,0.20280700464540677,0.01953044407163316,0.07660325874270488,0.2649709125502627,0.1341515036150322,0.1382214499686062,0.10409304395425467,0.04361654514746834
31,0.06632767054846482,0.11818947468253509,0.023941614617500932,0.023239354545129192,0.16324944413512552,0.0012374127062512049,0.14784602597365362,0.13937193876463297,0.15464922418821658,0.1619478398384903
32,0.13104092626555397,0.08602011170939357,0.03668052795999568,0.11505333734905682,0.15036577565195838,0.004358204752056859,0.09819300314512205,0.1514874845088033,0.09381324613007266,0.13298738252798675
33,0.0013859465980856783,0.11999958044031132,0.005482173847009253,0.12853147916886482,0.19165284454492199,0.09821919302385035,0.12173813534095972,0.13218031465860403,0.10368590825171058,0.09712442412568222
34,0.1346590310739044,0.13083874765197906,0.023305452950764086,0.13642659569879584,0.10718492534050293,0.009618574505002447,0.1406929074623313,0.1414634933650732,0.1383910487695398,0.03741922318210703
35,0.1306025273677254,0.1442472631850067,0.04915527142954685,0.01313616436429625,0.24981017298402375,0.10305268589762799,0.07825593736360222,0.09679935221428461,0.005932222345155748,0.12900840284873066
36,0.1560661495896207,0.02974468153144107,0.13491531530690185,0.0003715870031177939,0.021969885985495215,0.20590830068873467,0.1401545365345023,0.10997970435327441,0.003869870470641513,0.19701996853627052
37,0.08962038080030836,0.025591871913434112,0.06023264474414219,0.024191579771063277,0.20660356684249254,0.21962953662762993,0.1280967399140054,0.06920354862891605,0.04577243708313141,0.13105769367487674
38,0.10259505098275232,0.008012758475711422,0.16824669453772156,0.009853498308424453,0.21368849388972247,0.059737454128341555,0.20464758410522374,0.04630475403844946,0.11905499023055774,0.06785872130309527
39,0.1791284299933723,0.008635861647621616,0.09620332085368502,0.16439988847080647,0.1796014051942932,0.1688218245340065,0.04306363144536841,0.10204067620853619,0.006165898853258519,0.05193906279905163
40,0.1693146960242652,0.19525416144053126,0.06115741989493488,0.07805272538935672,0.037982665473927424,0.029716047892466655,0.1893931995323277,0.15675026249970458,0.02560209757495546,0.05677672427753019
41,0.13448880959120746,0.04441855333381493,0.09563735868469694,0.015278471409200042,0.17311310741120606,0.024054654620022865,0.2339045027479098,0.030350278355879577,0.22035996725153303,0.028394296594529446
42,0.004210646357175652,0.14088048944733852,0.02614034832630542,0.09387385961421124,0.030326449364175962,0.07748180924941901,0.23282856050708267,0.030383557682304514,0.2819326472264389,0.0819416322255481
43,0.028732061721575074,0.13826826867628364,0.19571320276421325,0.06539278384786584,0.1325142243865422,0.1840878331391485,0.13704458509209078,0.011464813422153084,0.045418508097715284,0.06136371885241227
44,0.21249065873478373,0.03691506060921677,0.04023780832221321,0.10494611162458473,0.04509877960422232,0.0013117042586254322,0.15348439621667687,0.08595051332221815,0.1543048683473044,0.16526009896015445
45,0.2139381400084117,0.02012954674735129,0.1548276011688805,0.067981793305353,0.12354361820040473,0.0915019339432774,0.09650842593631409,0.04117092255696225,0.033588296058492166,0.15680972207455274
46,0.20543221659833777,0.04525330791238685,0.006866535882296484,0.08217934526847108,0.035351901391805246,0.02812174147524903,0.1538953391762695,0.15529545898251312,0.15702991510518957,0.13057423820748132
47,0.2016387503630941,0.046179864986985564,0.07119657717973173,0.07336959889382798,0.1691563148034374,0.16261830640701386,0.014249965764807311,0.029714048607074217,0.09645832461369387,0.13541824838033392
48,0.02950569000569499,0.1731296329263126,0.16046140979668938,0.12123194709306576,0.03842318430436253,0.033720040008119706,0.00038165866465731296,0.11662137119526195,0.1139036498435035,0.21262141616233218
49,0.24934576182689983,0.005929071349638828,0.0630680008542258,0.0909447211325226,0.0049616740307347525,0.14747527046843542,0.22551187582439544,0.026386858448376627,0.07811911454675748,0.10825765151801324
50,0.043878905929451345,0.04744941119385376,0.12898661111925733,0.011951457289399716,0.0729577191414527,0.051703857543201934,0.19552737436202425,0.2218665008697323,0.18657902942812726,0.03909913312349952
51,0.1182892168392627,0.004137926106636241,0.012907888503041353,0.13880768711032782,0.168387923452563,0.04646242993561559,0.08720478923553796,0.09707556227127986,0.16734479788463388,0.15938177866110162
52,0.07048553119652594,0.03332141733975591,0.016452699980322533,0.019124341866697224,0.1844981800648147,0.04526910538684354,0.23053241670897395,0.19255828000651162,0.07129409382325759,0.13646393362629694
53,0.17666670925980166,0.09592377478819934,0.18162395260191386,0.10326014976780248,0.10384226858872157,0.015398390413281308,0.005672784648390599,0.11713648994468176,0.03206026395226427,0.16841521603494317
54,0.12924626165355524,0.026479968255650334,0.13072133745218611,0.09044407574615594,0.0035138835033283397,0.12319918548749782,0.15529245795266283,0.11558988592902428,0.10690411905885268,0.11860882496108646
55,0.05708439362713021,0.029812380826183996,0.23904968222518166,0.000503992874201954,0.007420762267554148,0.09144780880562094,0.004008227511362431,0.19645913349257418,0.22944010161367592,0.14477351675651445
56,0.14598181607304023,0.012378832446779998,0.06455684729812218,0.015613284841004327,0.09124452164759411,0.16568965102874744,0.11083019101684193,0.18164575031641353,0.05451285030493313,0.15754625502652328
57,0.19582866131084703,0.16210846248833813,0.04292995774630789,0.18382505553495374,0.05441228063541407,0.059230773043709155,0.1371676339232113,0.1344277919241528,0.006434798041228886,0.023634585351837108
58,0.08491585181012024,0.0601966394837925,0.13815722817643422,0.1421130847976287,0.1127661632382606,0.13135243469527236,0.004899440288096044,0.14407114349209088,0.021980948517050132,0.1595470655012544
59,0.24586979753892932,0.03720723385361992,0.07819145826891938,0.0393213336093562,0.04378376093893266,0.07874838792427705,0.03573664485538332,0.24433467493364647,0.04138545131568228,0.15542125676125373
60,0.0014162688426063144,0.07661014549635001,0.04601879206615535,0.1575772807375567,0.11801505750601048,0.1386548238750938,0.20658067641600308,0.18878010925524905,0.05824971147534389,0.008097134329631283
61,0.21106472659943762,0.22285808344090646,0.025458928800429565,0.08340876203129738,0.11839999700165711,0.18622093160391742,0.05612056436996062,0.03359446213228737,0.008151811179672489,0.05472173284043409
62,0.12417233638067554,0.0874536322277986,0.16800009009479433,0.03167683566061861,0.06887594531257875,0.07837687082769225,0.2150021287254996,0.025403909448947506,0.19913262623239303,0.001905625089001797
63,0.1880189531206319,0.17109643553462323,0.03131899662258562,0.03654757734831166,0.20030711068469637,0.0048805956536139275,0.044473256978260246,0.12275515313274317,0.07831601409750628,0.1222859068270275
64,0.24462145709481214,0.09983375056858909,0.023925040609622417,0.2620703128638739,0.04768126398472311,0.056597829478481694,0.01478650381095322,0.07092292977195588,0.15335029249270687,0.02621061932428163
65,0.021196034694994627,0.24857849294130302,0.004316826153525464,0.008545064166898897,0.14850657268148884,0.09955170406760272,0.16852099984374533,0.20372951027492672,0.0054953299523026865,0.09155946522321164
66,0.1999531479505454,0.07790061997668447,0.016630158869258754,0.009969288364659172,0.18888288033670547,0.2286113944254269,0.002526282176222074,0.026652937146489884,0.11528863694409931,0.13358465380990867
67,0.0003583115626312859,0.0498266611771918,0.0709973364669739,0.2415256852544716,0.06756034237038537,0.02870277234360228,0.1078493047245992,0.12476324968058965,0.15191160708006243,0.1565047293394925
68,0.21055707668199908,0.16188340801837198,0.014477807905710124,0.075865572084602,0.21833272255042802,0.07240976688249542,0.016963473894743075,0.2012780835790968,0.007897040548967105,0.020335047853586467
69,0.22058976723801224,0.2176056831917213,0.1382824949560313,0.022666400816399226,0.005149298722936803,0.0910155552198464,0.037789786136419486,0.18675230135331947,0.07909324853805563,0.001055463827258069
70,0.03247675455842723,8.286407696104357e-05,0.1809846171951021,0.13142034403383587,0.06906675178490652,0.1395319828777757,0.04386197860325794,0.21000315368919686,0.161303229207272,0.0312683239732649
71,0.0027850462427026564,0.1416295426057335,0.036539727184420875,0.044878019846358,0.13687549422751177,0.011345394021228129,0.11328163030754515,0.14028763642283498,0.1799580039362977,0.19241950520536713
72,0.05925561954372019,0.1347024973910071,0.020897261623430224,0.017088628876001107,0.05275613295110243,0.005823794731887714,0.004967293176701917,0.10826393265708707,0.30790212331069006,0.2883427157383721
73,0.021843997131964856,0.05651330507071885,0.013463967855306408,0.22802011771649552,0.03220676282771287,0.029745910133213763,0.20487031063265002,0.23379976907284328,0.0098668974536324,0.16966896210546192
74,0.06180975378500445,0.09452587024198407,0.2508259700513676,0.009182132550900151,0.24934115671976256,0.027754063846903283,0.06174324232753198,0.014484770189791654,0.16825958789084156,0.06207345239591277
75,0.08760781406957346,0.1505245793584221,0.005264363438410636,0.1252160920162232,0.01548439465826421,0.14263287072340167,0.00020219619257593957,0.08864117716150025,0.25717730322773164,0.12724920915389687
76,0.13505272258743803,0.18519746995483835,0.15720528018625332,0.20580574889633294,0.06063756328644299,0.09811683465528799,0.04276969727338948,0.08893302040258605,0.010632191255384239,0.015649471502046527
77,0.016220571853864926,0.18391913967938742,0.07048131795324639,0.17273966361128232,0.0021454088701386787,0.016805673694373368,0.12877769054464897,0.1819302481535386,0.11983344430204015,0.1071468413374794
78,0.13011043389668941,0.002942114907028094,0.15025829834464044,0.18228993406393665,0.014083211529909628,0.20760408247500717,0.08955444999949151,0.01127652656241996,0.20821226379801142,0.003668684422865706
79,0.021004644195458787,0.04808273943283848,0.00023532855285821554,0.009086429238826283,0.26525739203276033,0.21228996019176904,0.058551607826911836,0.2550638458093025,0.10326027362821652,0.02716777909105801
80,0.08209629503629373,0.011275007665334194,0.0012420372830035352,0.08032068152692302,0.2078203385744207,0.1994292810265148,0.1296497367627903,0.12812437667725035,0.13058747144114863,0.02945477400632073
81,0.23920081412361036,0.29114581132000494,0.05215849984953527,0.05557922471595047,0.08713853024099807,0.005966843529427325,0.06450799728706333,0.10078486367351985,0.09137020655156088,0.012147208708329372
82,0.036490277140863954,0.027691102137745997,0.13368613885402242,0.08901478372968852,0.1655196351900257,0.021735172163234246,0.004778428132901228,0.17058820735353866,0.14211676542724755,0.20837948987073182
83,0.00853975114886036,0.25952081384651077,0.061120377180440374,0.008044620296065093,0.05528297337404791,0.10521810177596792,0.027065185974736315,0.2500216504106882,0.10090175378791165,0.1242847722047715
84,0.012623938409375958,0.049475611218678744,0.16332298771038375,0.03221443900485065,0.1696150126895722,0.15035587478133516,0.038939744798211655,0.0064751403084112235,0.17987135890169853,0.19710589217748214
85,0.041361572434918614,0.22583442690903655,0.10239301169958145,0.26440778257767916,0.11637529703331935,0.04691772236432801,0.0548047022638308,0.0723795760104294,0.001346679853359659,0.07417922885351687
86,0.07217127878754458,0.02752469167267408,0.03064765822831577,0.005935410169768797,0.10783859391587078,0.2591284546719385,0.06904395443250938,0.0032132767787614643,0.13896051831886003,0.2855361630237567
87,0.12892817683788008,0.05973297245568513,0.04387225023078392,0.12420174884742155,0.07287835513309529,0.015511460597198455,0.23608206569209517,0.08220184987734962,0.05095705756354406,0.18563406276494687
88,0.012387638242378603,0.047057577840985465,0.003969767730738299,0.1281487874518132,0.07657535797485689,0.23470415094981456,0.19058772464800988,0.03862956039131331,0.012019286340095286,0.2559201484299945
89,0.13415365359659162,0.04393100590574334,0.010796422571349346,0.1619292179858709,0.05085287993852974,0.01594369531642824,0.0569125258071967,0.23320459382067277,0.006992121685468188,0.28528388337214916
90,0.03986037999943594,0.000432317084983569,0.06883920685385737,0.24006853630018796,0.04909844591217467,0.00026881647021943865,0.14293576074430983,0.17502683615136472,0.19320690613242994,0.09026279435103664
91,0.015653129357262863,0.0668580985501544,0.1348119251849597,0.18476842608786156,0.08547122306500228,0.05494765523492597,0.00366064772495046,0.2156718226525893,0.15883813700054927,0.07931893514174401
92,0.01906355967505397,0.15808390112936369,0.10560023737428678,0.23184362000158695,0.034668924979694475,0.0029053600174202107,0.23058197568884226,0.041787825179112774,0.116739539280642,0.05872505667399689
93,0.031121443483410546,0.02510776560281469,0.31220288003071245,0.09813126484138089,0.12138283236758673,0.09017016330562909,0.01526371143513976,0.12199855478307799,0.17821703995581806,0.006404344194429744
94,0.17259380195516663,0.11287406187569758,0.012691373602071516,0.12283691520023023,0.03437866752939616,0.011020551443966853,0.2231737837305363,0.10689377689021667,0.14754664736811576,0.05599042040460223
95,0.07003054770033139,0.16851813495369614,0.20714124968266345,0.1084008907230379,0.06575118068602827,0.12287818016458368,0.007775377870972133,0.0010104802347860116,0.12522286897869167,0.12327108900520929
96,0.1554744023049745,0.015540960387337849,0.02897510732780457,0.1707074144991019,0.1360238925425829,0.1636693631954459,0.06451353393183382,0.025814813213530602,0.17624687176028692,0.06303364083710107
97,0.04749572890191162,0.025110587884453344,0.24275864734989588,0.12446756992317953,0.02695604940979749,0.011935511580818755,0.12183824963326145,0.029096893926222795,0.17015672176545685,0.20018403962500234
98,0.08729934503412103,0.022030825375544585,0.008652484333067567,0.0996543224688621,0.0900862282583044,0.023245163569131796,0.156636414031333,0.14850831590339522,0.2620514760530005,0.10183542497323979
99,0.03662980676232019,0.039141490780555566,0.2088426147861547,0.11401256499455788,0.07319099768361777,0.01909702235490537,0.014238653880807691,0.17169751348699266,0.15495064838434155,0.16819868688574685
100,0.07164864296311932,0.1396445499450424,0.02892140977297776,0.24890870037749982,0.18018186072892967,0.009255775061475196,0.013022515622493881,0.06486466974318039,0.13152286072009176,0.1120290150651897
101,0.019646258894077496,0.08816370492820347,0.2359558379727095,0.03154716401446098,0.008943270918665444,0.31953385417932645,0.038768424014239175,0.08494448556403913,0.15794466368233648,0.014552335831941949
102,0.030123503193539628,0.003970998833817639,0.13514549783163848,0.05966896990215885,0.23802044327060345,0.10125245252024113,0.0033596031751185014,0.18002567942267603,0.23915097594957113,0.009281875900635155
103,0.13079163791258033,0.15101275902198275,0.02749210585120804,0.23352116225830297,0.11606244082927183,0.0059458602685031284,0.11060462306209652,0.00825788906130336,0.12468329862211609,0.09162822311263512
104,0.15948088736917954,0.11176465181060194,0.20009561525015102,0.006530247063261193,0.022046768064766065,0.03429600937654305,0.04869347903689517,0.27056995457036687,0.08608028556725222,0.06044210189098284
105,0.2552491477445042,0.13321393085031216,0.25502913478386185,0.01484143440771933,0.09340124146596036,0.009474743072524335,0.07012089467115018,0.04947204722258482,0.09486670830171823,0.02433071747966442
106,0.06751212244121428,0.10024389276494428,0.07656120299752976,0.17663939710504603,0.10201151197850494,0.040108706308551095,0.06337111185626954,0.03768704234871348,0.026959469770497735,0.30890554242872886
107,0.11847801221267344,0.1266241943096824,0.22212079175461094,0.03599790935810471,0.03923244677132641,0.03696960696453979,0.07182471911430881,0.07048661973980179,0.2744379951731491,0.0038277046018025916
108,0.291502492052196,0.016607534852667926,0.07486862697361632,0.03241516955787995,0.07248493340781127,0.0538164302157878,0.1825779708575992,0.009243055672084438,0.23838289185863507,0.0281008945517221
109,0.14187146965939032,0.19982687874541596,0.2320404779019221,0.06483659289488071,0.015181554132251737,0.24056005046918527,0.05615457947283799,0.014294935154717203,0.029950481715926236,0.005282979853472516
110,0.06393150168773626,0.0877729317718472,0.14684050712621272,0.02532843813887245,0.11471171038890793,0.013739387861209736,0.25308504719042735,0.04872307174317017,0.10342055150429225,0.1424468525873239
111,0.11940550435849741,0.0331900440950339,0.008468652725050992,0.1743151019459257,0.010508222714498885,0.22216191803015217,0.2220030881677293,0.01650025560018748,0.02599308811627872,0.16745412424664535
112,0.09997244300985979,0.16364295019275008,0.16606540105522333,0.00479802600211994,0.0331534970712956,0.013380512613769498,0.15709122397993294,0.16116979950376542,0.18645802562153954,0.014268120949743786
113,0.13642209737404182,0.2262218439134816,0.13829433572504699,0.023889219915289733,0.10250740241275992,0.018204484108178983,0.22030969487306187,0.0750677291667817,0.04205306450825796,0.017030128003099332
114,0.03743388761513511,0.09714709492675275,0.0063743609021071354,0.0038219778646429474,0.008068710887319286,0.06493179231849096,0.23249007453531598,0.19581536942925418,0.2907625783342089,0.06315415318677287
115,0.0306740762271941,0.06910060356197062,0.0017124941063954154,0.023975301506662598,0.013245807884228128,0.18213901692768375,0.026193564389621334,0.22836640600719443,0.18963699605269976,0.23495573333634986
116,0.09876021703919946,0.010859990970343642,0.04341734893355071,0.16159150192305202,0.050948472617303446,0.049181655934100205,0.24579673490244977,0.07917434547897154,0.0482937191768176,0.21197601302421165
117,0.1624346171687379,0.16460553997621452,0.08416378061876922,0.16439310658781303,0.024098050281020432,0.030418896764839352,0.13351860063690482,0.16986258332411913,0.060778471012273017,0.005726353629308564
118,0.016462951662848634,0.19303968746744435,0.18766455883029315,0.0019350416963117845,0.04837841173304155,0.030903288865071165,0.04431722121899038,0.13430203022165962,0.20398160035912438,0.13901520794521494
119,0.13256292021171154,0.057419059568792306,0.16195125121675405,0.10398166998364496,0.015847534874342768,0.016448429081989985,0.23162519517333652,0.009564533785418628,0.24107967387239843,0.02951973223161091
120,0.16777309721988312,0.0007372686703856384,0.13192695927939407,0.049547414706310196,0.26999666753900803,0.16815732591952662,0.04607341388663862,0.06729898094411108,0.008958617068179969,0.08953025476656255
121,0.03418247426159965,0.11652264998924865,0.1924394437618576,0.01390560883477653,0.1065956129553593,0.05955676218691115,0.004260016685454339,0.2890594774175437,0.005475759807986905,0.17800219409926207
122,0.004441998771205632,0.1920397339653059,0.06263183037946504,0.0980214699488989,0.0013119277743077835,0.16419860077588716,0.03340254345056518,0.20257956506931177,0.044006890085899676,0.19736543977915297
123,0.05346470117226431,0.22173111816833552,0.014901102389657184,0.1265388214751825,0.14073853293558983,0.0052312795283451135,0.23245427268166957,0.14493995450411032,0.05872595735185256,0.001274259792992979
124,0.03312348206806564,0.12768155115735977,0.013101929185231492,0.26556673014355564,0.06800869873380136,0.0985932916046723,0.2155055379689347,0.08220248599930473,0.03527116417258678,0.06094512896648768
125,0.108245542488583,0.21563722118428144,0.2162834077361972,0.013557698398812433,0.11724900559150482,0.04270973542428909,0.11630805707743228,0.03602933994210458,0.1286779205279094,0.005302071628885847
126,0.08662748866385246,0.1297715309462391,0.1647223378004536,0.0032111223445359265,0.20535670560799607,0.004593074208500224,0.05002702029091436,0.2313657741017913,0.10733060723195204,0.016994338803764872
127,0.12812262719499223,0.006858105889357294,0.20278763147960527,0.18079132431914774,0.14859937170573134,0.0482888736979267,0.19598321713257455,0.012290659944459397,0.028940474616557122,0.04733771401964817
128,0.07633571286949117,0.2886256617854191,0.0038162472707170296,0.029280907873461583,0.12950846050717302,0.15973041845415023,0.07445203745771654,0.01838392387890884,0.1977348249923198,0.02213180491064285
129,0.056518717020739115,0.15753188349988465,0.037635467192799595,0.20638133195918323,0.12675752091583506,0.1467920797178672,0.205382488704224,0.021309637110879878,0.03811959957992113,0.0035712742986662607
130,0.04403404121215056,0.09517189170483967,0.044874585729169934,0.25895871425881795,0.140487020234877,0.16253471193473681,0.002403502836515647,0.10159258338549723,0.13140937243675377,0.01853357626664152
131,0.005371396330068523,0.27315498662960436,0.029276292440442588,0.019556734230321938,0.033521834431797466,0.04249009424999431,0.025800516269847383,0.2825959005902316,0.21969874830159028,0.06853349652610143
132,0.19793215443679835,0.0825488760149996,0.2710418346963461,0.1068884420733245,0.02801454700099236,0.12702498255286276,0.005491433353021438,0.017596817215873792,0.010703634027013879,0.1527572786287673
133,0.033331711836646995,0.03425049408089898,0.006306658884123493,0.0881520677117125,0.2391675828975751,0.1147647282760995,0.002497892483520752,0.3019461144996418,0.17514320999827782,0.004439539331503137
134,0.03222363072086675,0.16349309941428186,0.0006314509662869645,0.2739775192802212,0.01359873008092908,0.04156775981313147,0.09901884823227614,0.14929383041798702,0.03639216757324421,0.18980296350077536
135,0.031292691088400514,0.20982702494895472,0.07597696234826887,0.20556473036719453,0.039443845391176006,0.22739930007319525,0.018997146780084354,0.15285051322011328,0.0026029149374931465,0.036044870845119426
136,0.017436973736806638,0.1690244372247785,0.02061171725280886,0.002321812312471726,0.2939024321124334,0.04161460021284813,0.256631582557851,0.044027060367548415,0.12077866916914419,0.03365071505330926
137,0.06702528816544591,0.2567982224865737,0.014590888187835833,0.1879195799790347,0.01930856380748072,0.05136876721490525,0.02029057200969423,0.00875225723865216,0.07668839391239791,0.2972574669979797
138,0.24624249190094183,0.09529424931615793,0.17661578015874577,0.021647882534323017,0.023538439747703324,0.11361763886851427,0.003339134135592313,0.012441930221578147,0.2780468010125284,0.029215652103915024
139,0.01168545158991555,0.07334464468096386,0.03794042763761909,0.17373907301730712,0.033395229798955865,0.020737856365518594,0.3004118463324405,0.1779831494838162,0.14098188161461123,0.029780439478852
140,0.13469339415258327,0.1667225904566572,0.1791839321044467,0.18669135945301935,0.027354431725151954,0.004497897317580833,0.03964999223192529,0.17509869551453322,0.0424127346876825,0.043694972356419746
141,0.11862084777767994,0.19970818053350942,0.014483265150135375,0.15144054384535915,0.04802206333423642,0.16176149576162646,0.002287225574608532,0.20223871259767048,0.06457115014968072,0.03686651527549342
142,0.020365711383771988,0.025286581706109403,0.12762075030412826,0.24371367897942883,0.04551651779481342,0.28046395283100645,0.03780756240219473,0.013918278518179639,0.14140984555988673,0.0638971205204805
143,0.10809617213481475,0.0716593855733829,0.07268031630080027,0.06027203325415484,0.24969493561765196,0.17443520908546806,0.04666518880354089,0.005767542581025247,0.1389010443371874,0.07182817231197366
144,0.14889979240016493,0.02849824859631929,0.006342223587252393,0.024204686815304757,0.012200606085322018,0.06540268848203104,0.24195188880709348,0.15989967829825646,0.22206433690466237,0.09053585002359338
145,0.001686758306763506,0.022146389912928728,0.277079908902593,0.2382646750344471,0.014042237105865113,0.011801776567451367,0.08792714109356513,0.08389259721378002,0.2542434077911196,0.00891510807148661
146,0.027476043510230388,0.17489298734278638,0.024915340801283988,0.005831756520036799,0.25408991943944703,0.19591405758676295,0.03817563907588994,0.01365075629404301,0.03850519045815851,0.2265483089713608
147,0.13816483123031423,0.23962057782871715,0.0012387604753591828,0.059642973118014295,0.028114027402234364,0.03332320514308741,0.007957279471215769,0.14556876270457209,0.2451730321412293,0.10119655048525632
148,0.18122538601869564,0.0736405502117582,0.21985078836923314,0.010153923450206322,0.13887434472530452,0.020906750804238948,0.010128240373930966,0.16384691533188606,0.17525915662862954,0.006113944086116592
149,0.03234531930884439,0.06195476026905972,0.18629328282008312,0.323814208152525,0.04970904488752574,0.07256991431691763,0.005361516117512604,0.10978564596349394,0.1481940097118939,0.009972298452143818
150,0.04452192916434589,0.1976268518992099,0.2674754066988616,0.12391659546712905,0.003316443893169123,0.28479218022384895,0.0408915404604887,0.0016332293721988845,0.03018579909432701,0.0056400237264209365
151,0.08104265159313222,0.07747669187741961,0.20465899609967847,0.005989662186209463,0.15338356960335003,0.004262842982151482,0.03120456618254392,0.24130443783948294,0.1542889208075414,0.04638766082849041
152,0.18056580322396829,0.15159996358767844,0.03788361507433156,0.13129695208252962,0.09551690399988526,0.030214616012281367,0.0045000772811419,0.18059802522145776,0.000492943039862964,0.18733110047686297
153,0.16563019762010542,0.15423575179293653,0.17252770849820573,0.1211600564095418,0.16500031727472472,0.03129379888590173,0.0055120829286858086,0.006471426421232724,0.15828985712690166,0.019878803041763482
154,0.06381731112066477,0.21851780699498402,0.0189040009110494,0.17440342178757173,0.18693760054404787,0.27089099021186275,0.007348364261486998,0.010765683990047065,0.007600620993703246,0.04081419918458218
155,0.011988404735184557,0.039688548046159525,0.32907479479395324,0.16590419885051388,0.038856096107270026,0.11302026038105714,0.09898725057103697,0.1634058260759548,0.011444471144287097,0.02763014929458272
156,0.03695257432572541,0.04555988152614958,0.23684482657161296,0.0699314007854464,0.07054720876012899,0.14167342567038962,0.009210106403329955,0.12936303297363236,0.25952820360883194,0.00038933937475275194
157,0.3177034212444581,0.09805294170690786,0.01581574958937451,0.0668109948296376,0.00305340395413537,0.2688865776545352,0.0422597305584495,0.005016324281777661,0.002259300418248777,0.18014155576247534
158,0.01171451303907887,0.1671125853886866,0.02078175363315868,0.2153397197739385,0.17427239232877,0.1289410686165887,0.07675472831763026,0.030990887168103238,0.11745261516966143,0.0566397365643837
159,0.13094598971032503,0.03891942812045881,0.09646953646890169,0.1306932500495602,0.029735255115962256,0.05908360860839554,0.055790795954459606,0.10329092768332798,0.2942816715233248,0.060789536765284126
160,0.12772288164366874,0.016968251534885702,0.06987619417386573,0.05472496465226445,0.3140018811765128,0.3169996075688052,0.030340318993829746,0.014877649713259236,0.04031985298128784,0.014168397561620763
161,0.2947574999402952,0.017508682511071853,0.026219483717768846,0.0773500973598469,0.23808628201715096,0.03240156252676319,0.15393212338240972,0.0031984569548823305,0.012041847672668337,0.14450396391714254
162,0.03919403240375359,0.010525195805503706,0.006574485796228361,0.07141249798735003,0.2962507558627937,0.1665759085109471,0.1638138307633876,0.001147567341861836,0.0037239027620617955,0.24078182276611212
163,0.19950057867029022,0.1037706357796653,0.003158031334714429,0.2292681927074064,0.07496531563082666,0.011918213344423497,0.17185710555549907,0.13534209370691136,0.013642136218210707,0.0565776970520523
164,0.045600985195653435,0.06659468588195175,0.200318075771468,0.002246868605482684,0.007491416835203401,0.004551386518607831,0.18591732506903966,0.15469604307582338,0.13663746627545484,0.19594574677131496
165,0.1206685203603866,0.060270502394865484,0.05485886961761639,0.010579781537026137,0.034531861555779864,0.06759243102546797,0.08530144086825162,0.2159140410560876,0.28894209615788974,0.061340455426628644
166,0.2427684877543493,0.06714438707747344,0.032060378913376854,0.00018520383527699595,0.026106721346446225,0.2367711014551167,0.16620648089873954,0.023603956318922658,0.16195218946001055,0.04320109294028781
167,0.03633385622093612,0.034185026194217503,0.12178442252118057,0.052565920108091344,0.2873314550794587,0.02997812560679721,0.02495914371687221,0.012318510076380514,0.24446338369707363,0.15608015677899226
168,0.2665415603853178,0.06424123146228415,0.26650647988215903,0.018405988335257126,0.05233030181109937,0.17270852253861987,0.025314239660306322,0.005604016037001237,0.0197897037785343,0.10855795610942061
169,0.170406594537428,0.033996402121189456,0.010916612277709906,0.23810144051225712,0.03621300368915222,0.21291386001834262,0.1261339089140456,0.06611572906250521,0.0038013886743090614,0.10140106019306097
170,0.05492925654130142,0.008448441858497337,0.004565508321236653,0.15848849167914988,0.1853643820742202,0.041059163284230454,0.1548845218087223,0.21247702495659648,0.04311481616167736,0.1366683933143678
171,0.011043543080031972,0.21906758887780187,0.031000384221461195,0.14815703830829166,0.09426384240744713,0.0013077519002307626,0.21659360426851967,0.022576907506192113,0.055458239636721376,0.20053109979330228
172,0.048182125111335,0.06592639663175744,0.2728986488004559,0.023272152786766788,0.13684335632444458,0.1324389438782364,0.27956866277549675,0.008157890079575418,0.014712579181988907,0.017999244429942857
173,0.17417472640393158,0.01539700075489299,0.03464156508570847,0.010593064882520868,0.069390739748803,0.19321459626260648,0.03695186345432119,0.043819991836715776,0.2231577124850328,0.1986587390854666
174,0.0031021683248067156,0.15563548571626876,0.08169856087834791,0.13949619983458786,0.041760818749681294,0.06531658576808244,0.05011359752974977,0.13384142190805742,0.2841873457060563,0.044847815584361524
175,0.009712929452580623,0.0023154696516692473,0.0774587330843346,0.1750157331928087,0.003198655818508758,0.18097479988375362,0.23546235161482928,0.012738411115595694,0.12519031135089428,0.17793260483502518
176,0.029686748223724652,0.14382407980392825,0.2620258279455921,0.015891226304460042,0.004238562764457629,0.2598533265067538,0.0200631359868342,0.09232906198739656,0.0013322993248568516,0.170755731151996
177,0.05088854068203903,0.231253677375221,0.17108669359507256,0.003970759775930403,0.16185442414509887,0.16196162328971941,0.031972873988741275,0.17717264973907074,0.00890958468605837,0.0009291727230483656
178,0.015665897793679547,0.040561865219353135,0.015544980673097496,0.25722826523718456,0.12850376195764476,0.021061627891551835,0.17286257630203464,0.2448055130307032,0.00032274336720795936,0.10344276852754287
179,0.013827885123684741,0.008440175482935856,0.1937078662300476,0.16069897763881066,0.008514201468125636,0.15696976552250508,0.10985100609010735,0.1481026318830741,0.19654820103095827,0.0033392895297508045
180,0.1425021441265054,0.062102307560478257,0.0019019152729105684,0.12211339960869963,0.047392581736746785,0.06398143191801377,0.1320923590248613,0.09934755331446017,0.005168820139749043,0.32339748729757506
181,0.001203419934029068,0.09891390268115169,0.2921975348410445,0.06896454345109346,0.07200726268460313,0.15307623251272426,0.007850700390000987,0.094272118051555,0.053742868405913975,0.15777141704788392
182,0.19911688013357629,0.009312809959737947,0.10928340993866167,0.0008433300333419843,0.16865469407415234,0.12539180073718534,0.19925394339327462,0.018826668269525216,0.005508001146330019,0.16380846231421456
183,0.16978463726258766,0.3053032069720805,0.002496111382686908,0.004182238229953658,0.20291196854610574,0.06482961564198561,0.034895406459988794,0.12546239424298627,0.0823572564339498,0.007777164827674927
184,0.2678195461844865,0.01442896214968006,0.21338287936130862,0.10339606673827925,0.049899675212528694,0.008534615943307062,0.21017702703742974,0.09361241483848129,0.03588685327471798,0.0028619592597807376
185,0.22609468480140144,0.16514221286874187,0.0013919357514454458,0.11305303166990635,0.00855640727243339,0.04859079821378169,0.19121711039193623,0.040758408864781985,0.20148652906341444,0.0037088811021574104
186,0.037804412567233714,0.0011005407356260513,0.031201141522359317,0.0622718937205971,0.0024362726700575795,0.24461815335690065,0.06966335624067187,0.2920624379637867,0.013540767887533,0.245301023335234
187,0.055247841262286324,0.1494394774067012,0.007886513260909816,0.01994655363540038,0.02925616756681088,0.026672925511527654,0.2453252356223169,0.18543666811493423,0.05627954743545384,0.22450907018365882
188,0.26517256196787964,0.02683254165358277,0.08113954929526015,0.1254316939985607,0.026403007493802335,0.14248046363720482,0.2221777897680813,0.008803384635448075,0.049347115382542425,0.052211892167637906
189,0.04905358185473509,0.1263797473863107,0.013261947227732768,0.00043669235105704956,0.2195862531105972,0.0975560014506495,0.2045821472784321,0.2431124534165338,0.03940299979097558,0.006628176132976116
190,0.09892485695571589,0.07604445501873129,0.030791056714156422,0.000734897702551807,0.05856716975903848,0.16252476689229828,0.20575840158759606,0.1779260774260133,0.0030749923370792967,0.18565332560681927
191,0.16819126235752277,0.01321678526392146,0.1500065189324285,0.07611137645971454,0.04504708536839585,0.22150137287208074,0.018520124757640956,0.0009318839714884762,0.20066063922725272,0.10581295078955393
192,0.0781731016318585,0.28212425107697986,0.1270151399300967,0.2814151770542115,0.031155261738713316,0.02170509747708424,0.04755735984923567,0.05018111410329502,0.051130129623986706,0.029543367514538395
193,0.015452536280339848,0.025343154621734656,0.022345115466989234,0.02652144901768216,0.28758839129045227,0.012522134216552717,0.24627372360174807,0.14964365589389672,0.19854893139788765,0.015760908212716824
194,0.02805494543471297,0.04695393747193793,0.17728667931800587,0.1305537254107647,0.002955918752185264,0.23701190767981953,0.2632374355425706,0.05598203646388057,0.03028327481243967,0.027680139113682917
