,0,1,2,3,4,5,6,7
0,0.04987522105399583,0.09823350256736789,0.019335555994533394,0.22663972059411439,0.07204602047828394,0.18859686348648205,0.10084570404727312,0.24442741177794922
1,0.13703294343140604,0.13023352993640758,0.17425976157558082,0.16645287475642973,0.08526656611418833,0.1686235262272192,0.12864320857068606,0.009487589388082278
2,0.16657065840509833,0.10723742678235533,0.0804713484680203,0.07541692098166242,0.14018015755077443,0.18257332442814667,0.1703200056210491,0.07723015776289341
3,0.0391946270848351,0.10351458491917756,0.005641279860424093,0.036419336631810934,0.23617361668522588,0.20074049148756232,0.1097613908002347,0.26855467253072945
4,0.0907408337653893,0.14529111111444537,0.026922449263161626,0.21068459799281977,0.19879503287490052,0.0898364199279025,0.09908360666836452,0.13864594839301642
5,0.17095609905876996,0.10841969531718426,0.16551888552533528,0.06117371741791494,0.15790533451768132,0.12533078244375648,0.16213647803107517,0.048559007688282495
6,0.09263134504756336,0.10756749968690879,0.052095328821534205,0.19774282236565285,0.08442930369948796,0.21750130533834147,0.14080163691485506,0.10723075812565624
7,0.14390277197615095,0.09937068811142612,0.1108942157167218,0.18516694262085573,0.11751653155646315,0.03379748875517349,0.1352184721128028,0.17413288915040606
8,0.059060444889516776,0.03033802589581167,0.15614117484606535,0.12609810903268168,0.23109530260130337,0.09238807605727975,0.2555291080998986,0.04934975857744282
9,0.09436662326442552,0.1965514891827233,0.003987728791966924,0.09084400189934742,0.1099164973818733,0.252419448245803,0.11725980895365852,0.13465440228020203
10,0.07134624048496725,0.2388146320951331,0.09936306560322235,0.14085812718803806,0.19294858572183335,0.12901224162595945,0.020541304322176032,0.10711580295867046
11,0.038081672615234395,0.08481229236443587,0.1530923493251771,0.19305546539810864,0.07572949012073682,0.04580497656020634,0.18102418035521622,0.22839957326088473
12,0.18338461366662823,0.21797036509118412,0.0746823628976585,0.21303688234300516,0.0011411228066106152,0.11287859414768392,0.1577595559410611,0.03914650310616852
13,0.13309524064356626,0.128391985534905,0.1503114857614056,0.17303320866193328,0.03408820141757302,0.058675241511994665,0.18641921047383936,0.1359854259947829
14,0.13512543795375306,0.028949306877794165,0.029366576028204295,0.09520028507666554,0.28097076232982476,0.07817880633945193,0.23756619431482623,0.11464263107948
15,0.10779119418567518,0.2693927018034109,0.18269039508659757,0.003811802199404721,0.015409110035965397,0.17010799436717924,0.0364385614644688,0.2143582408572982
16,0.10363190820213686,0.14624884678383587,0.11253018936641494,0.13200850233111097,0.08984492029703224,0.12151015827484433,0.07759456156093056,0.21663091318369432
17,0.27413286373314705,0.1107295499964719,0.010140419362554453,0.15790190108764282,0.10625074698442176,0.09816793566626275,0.0765563195760844,0.16612026359341495
18,0.12898491502359385,0.1382455351058349,0.17392649019197384,0.02575771380740273,0.206204892420757,0.03459229550318944,0.12956972217200666,0.16271843577524164
19,0.003826962521720977,0.27130603090838645,0.0030841865102949257,0.05573087574261202,0.057761922621154094,0.157872154095834,0.23504827021638616,0.21536959738361136
20,0.06251404542783053,0.030554597360337776,0.21504222986389276,0.18483536079617732,0.20575984824376986,0.08330532432763502,0.0004645151299276685,0.21752407885042918
21,0.0372587765253138,0.09196862195820199,0.09840674950976183,0.1328292007713669,0.16355445959509973,0.17697716449028156,0.22527765676917827,0.07372737038079571
22,0.12216984051887314,0.18101527082387248,0.2147663075779906,0.2310497399204547,0.1428616804851063,0.07600360871726236,0.007985845653117303,0.024147706303323198
23,0.0054775289720255735,0.1111073612181054,0.03810971055709727,0.3200097223351977,0.19360220712973464,0.20801201636343464,0.10104501644144655,0.022636436982958252
24,0.17969874700427582,0.16423473044437767,0.04391658745025177,0.03093492526773858,0.05419070740955495,0.15562714657348284,0.3151423391116763,0.056254816738642015
25,0.04617655422580468,0.18821398837948008,0.11495999563688754,0.23168909184791495,0.10666232578423891,0.014196093947578625,0.24129990742289448,0.05680204275520068
26,0.21890070376338072,0.12305231046311943,0.00961779178710699,0.13267310675434357,0.06021695785433542,0.21536326839388673,0.18286791831658644,0.05730794266724073
27,0.2062432847637604,0.08101240349248728,0.113078814808983,0.08289539120502185,0.18529526363607807,0.15280765100979107,0.009585308817608131,0.16908188226627036
28,0.2093485534356008,0.27001665119420243,0.14994864538082978,0.042713501747876005,0.13409558313160647,0.005341661625945462,0.1626207916815752,0.025914611802363766
29,0.19314927153489467,0.05975834269593789,0.22277362551769894,0.1931591200514492,0.009383380004534597,0.1984125093335706,0.004834756989073163,0.11852899387284097
30,0.06527809322884535,0.2184926889343388,0.030608646282046733,0.028089790400596594,0.13188973357097863,0.20969998610037816,0.1437487417977438,0.172192319685072
31,0.22859967921711424,0.12630189733183453,0.07942761825999778,0.08044586233206102,0.130544819583472,0.016264386312517656,0.2177318931096227,0.12068384385337988
32,0.12058706699709405,0.1599420001908445,0.20790784921595293,0.07015011872296346,0.21019584069339486,0.10177687187692035,0.07765124814856864,0.05178900415426131
33,0.034744841536501744,0.18955833946451003,0.09523379934284268,0.08314549342063922,0.0628126953710166,0.18954951987655047,0.15918720961538435,0.18576810137255484
34,0.2143399573376881,0.22100375207289413,0.005643269029643258,0.06331780423724348,0.07245092557485369,0.08354209264894784,0.18698409124364423,0.15271810785508522
35,0.11595521314426822,0.03727625458550189,0.024950919323253683,0.17281760143332833,0.1892231119072791,0.1593191142142633,0.19602056547632918,0.10443721991577616
36,0.16214584342511035,0.00611517214660579,0.013819735442582711,0.011226993791245757,0.2717804691540759,0.17482763564410653,0.29066069902807723,0.06942345136819579
37,0.12918142128024804,0.27503443078329015,0.0024346648694363033,0.1825198667467347,0.017922381262902538,0.1649583552779851,0.16090442098453522,0.06704445879486788
38,0.1727397096115425,0.14626477558928497,0.061083881169521625,0.015057351511904089,0.12582146287430435,0.18466355653813443,0.12261284034482615,0.17175642236048191
39,0.1232435596288643,0.2551955018863114,0.05633107845021895,0.013220232507907041,0.08826412966142773,0.041088250926447224,0.26090388852749424,0.16175335841132904
40,0.2139898127278872,0.17803328850254974,0.03827044064643548,0.12169099797477548,0.1394370480485333,0.039667105217826105,0.10614154994641396,0.16276975693557877
41,0.1607842443794761,0.13064658380755823,0.1619422640119261,0.057669220783952556,0.04744707491215498,0.18384801254375485,0.11057637727026215,0.14708622229091506
42,0.061183219099574596,0.24233269641348482,0.19502906185794244,0.17956349447150796,0.032851039363662266,0.11322126403191315,0.04552889473042107,0.13029033003149365
43,0.05078538020690764,0.041652676873019254,0.23482247779313237,0.18759267210397274,0.06451192986231517,0.2903577069709446,0.07351828211842079,0.05675887407128757
44,0.015893749300981416,0.21413487120826108,0.27358204407249054,0.02686636649602452,0.24478952146370636,0.03501463151079744,0.0013697377531064873,0.18834907819463217
45,0.26594402730375394,0.04245766387245261,0.00630409031378848,0.3209107727432692,0.05447997120475665,0.2117904696580743,0.05188940971826053,0.04622359518564426
46,0.08842802512115393,0.252185304539283,0.1328832401226163,0.196587802995586,0.18946583289918253,0.0013012177496429264,0.01080766675099564,0.1283409098215396
47,0.2058539616137435,0.11924498467833558,0.001228527110205396,0.15690249763126657,0.18761515813925986,0.16625597424203914,0.13658778624455797,0.026311110340592046
48,0.13965749000170316,0.09640400379998625,0.1790404953545688,0.13603955125777314,0.015602900981744633,0.22040661319107302,0.015085579960180362,0.1977633654529707
49,0.15375415986290458,0.13496550073058636,0.004881648400052045,0.07660172665800145,0.23189094971780305,0.1998360560443737,0.18142287795178869,0.01664708063449008
50,0.17745152007124318,0.12445382122482077,0.17009989668087513,0.014053527189579914,0.09456970787792643,0.23284859315329515,0.09867156363159343,0.08785137017066601
51,0.2822531042138982,0.12460523078868076,0.023485088907523034,0.19100890009689817,0.046499650739072994,0.03405587532099826,0.10830902514058494,0.1897831247923436
52,0.2580509312307838,0.02031658654344576,0.21395000689097,0.029084191665551654,0.12384414801901032,0.2106707633181669,0.08851682081865889,0.05556655151341265
53,0.27931783375987285,0.07357692102430076,0.13431337966781728,0.009743211735242355,0.1853419946177184,0.13177992033006664,0.1391071115897489,0.04681962727523292
54,0.14033288910774655,0.12867072551468495,0.08536730947068188,0.0027340750835931965,0.18530518262166465,0.15584472380999734,0.1306772304381435,0.17106786395348786
55,0.2514676985092449,0.10310430117023149,0.23370694110097154,0.008519832480615478,0.07390749117268981,0.21734698647864092,0.11034353861493663,0.0016032104726691069
56,0.17676558730710065,0.1460797957419469,0.18327278623745508,0.025019536321195843,0.043423949059238805,0.16910216181975213,0.18038009267183852,0.07595609084147192
57,0.17788754736294407,0.1571520686023106,0.02860821118808242,0.1353147318840843,0.04043261846584409,0.15126854661862077,0.16558011820303928,0.14375615767507446
58,0.1304492084338519,0.2065134900951098,0.20790425447065974,0.08130469294129,0.08141740977063754,0.027531537391460897,0.23419212544224313,0.03068728145474701
59,0.16340706553317233,0.1648680048469435,0.22008674819309546,0.17997994278643553,0.10792035833759084,0.12780312206440084,0.012271679193536555,0.023663079044824762
60,0.03846333234679042,0.019316396341571052,0.07746065226615684,0.24169617428765156,0.1518311712075189,0.24909501738109696,0.06583865695141655,0.15629859921779776
61,0.06957457938087669,0.21261715969400435,0.01926085647531868,0.17768198393365117,0.05660212805421621,0.2208976017713824,0.15283936960296307,0.09052632108758722
62,0.16145515421408674,0.17295897609909516,0.049845444414614234,0.18637309343222402,0.10997399257752168,0.04402329390557772,0.10264525956608865,0.17272478579079187
63,0.14701687384434947,0.07608082801521002,0.22065252899555582,0.16541423475331532,0.09074421483159785,0.07592912068835363,0.0238501323530595,0.20031206651855826
64,0.00823715833671231,0.21834069432453954,0.2041695157065417,0.1907788525731144,0.18282130382942055,0.030465250847471714,0.13655776103753162,0.02862946334466826
65,0.03347900106496328,0.016862432003656194,0.18913613033457022,0.1052581880261567,0.18951089597119933,0.19489515605029065,0.033748437432372075,0.23710975911679164
66,0.01991309052533588,0.1805689121639275,0.04074693337737944,0.11914287968350293,0.2314288763270103,0.19057985098324257,0.05848428243261757,0.15913517450698392
67,0.14537910370509188,0.031332911045964564,0.26426657998820885,0.08084054478550946,0.04109038270343422,0.08587249166866935,0.1538097882435159,0.19740819785960578
68,0.15099760472680537,0.15598263637885307,0.17242646316081212,0.17659045574361246,0.009495941046578834,0.1356487375292381,0.04268432839843748,0.15617383301566262
69,0.18376779716307423,0.057430683719294134,0.07942820720401297,0.07323543214000035,0.21016475344223506,0.21902593971390671,0.024551440074094728,0.15239574654338187
70,0.12830505928771174,0.0720892257656035,0.28304947457252866,0.2753930395322271,0.0076698162252144,0.06316286778774313,0.1333487888650358,0.03698172796393574
71,0.1997368555053228,0.18389307266074775,0.08549256156797923,0.03403950478474381,0.1999447834276274,0.15424794498375385,0.0030838587967090083,0.13956141827311608
72,0.13517918285698843,0.14445729344771263,0.11339266505753816,0.05459335961285822,0.18486649314348158,0.18162442231954593,0.012984282756415392,0.1729023008054596
73,0.12060231769919487,0.19183989941556764,0.1118452478894393,0.0022097303734545165,0.29299186108991165,0.1036077326870021,0.15060906869844426,0.02629414214698558
74,0.20937136448592883,0.2449846017513282,0.1212346554808752,0.042431975288533146,0.10506431116855262,0.027266262008875653,0.12268411153846925,0.12696271827743705
75,0.20117336608089714,0.12096302135186272,0.04281057388771525,0.23875438071895155,0.21701778511338646,0.09010707390759395,0.03436533930551332,0.054808459634079855
76,0.1951525856562813,0.0032164580919369855,0.19013753941563966,0.13911628845437832,0.14300529881338706,0.05384726321171922,0.19790542707576944,0.0776191392808879
77,0.20744384468166888,0.16949592694466992,0.030951982195121335,0.28148082921586887,0.0819539498339232,0.022138859184657605,0.15984321296235574,0.04669139498173439
78,0.007347395788604159,0.12362653627002199,0.12046618623188939,0.042235048477227984,0.10540190398080096,0.17580910477524087,0.22270279117485592,0.20241103330135873
79,0.18136527798924845,0.22189949244760374,0.06279010422911385,0.14690470270344486,0.20202590887963756,0.02107386539944672,0.03106432148590505,0.13287632686559986
80,0.24263488915344383,0.002692217700394448,0.20613032738418177,0.03402088522340025,0.062084488461108325,0.11977280807277875,0.09046163873703254,0.24220274526766009
81,0.15605919811041455,0.0466541154668777,0.03242032143053619,0.17582837821661115,0.05261451272202482,0.23538611994461595,0.13580006610790116,0.16523728800101853
82,0.04600824945247677,0.012131486368929224,0.20548950705225796,0.022174427355339775,0.18386828724689414,0.1544655778974819,0.23668759796825478,0.13917486665836548
83,0.2756160229490942,0.07405508567116822,0.026606866877489418,0.15013673661557048,0.002792933927946553,0.20517375026192333,0.14653778503630505,0.11908081866050264
84,0.07169917786663546,0.07112547648741652,0.1583405282749744,0.0022574252059667883,0.2532384725809604,0.11186985271101957,0.1925418102430794,0.13892725662994743
85,0.13729021584091694,0.022435797610807044,0.13814872229842556,0.0513484330335961,0.22453085883203772,0.13260138443403513,0.1271562191328157,0.16648836881736578
86,0.03934914137783077,0.17170227992836648,0.07678116350898159,0.046991089399036394,0.24914678878253524,0.21222635253186245,0.012303463091802068,0.19149972137958496
87,0.10241345150289168,0.04593195573053056,0.10273806666130447,0.003082094126040223,0.09277897784541729,0.14517429642843127,0.20801726097616957,0.29986389672921504
88,0.14148324240701088,0.09382100909716924,0.0015819991152712098,0.20707644232532363,0.24281184227316516,0.0685767092704312,0.20970516864688582,0.03494358686474281
89,0.16229464364377336,0.12496371332175116,0.09351353322445607,0.21468846632660818,0.13186725630514665,0.016150787048468788,0.24470895501742854,0.011812645112367315
90,0.32561239027841415,0.17530817099304638,0.03143669528605635,0.0197044502231246,0.24238904842970718,0.0956072134469442,0.10976512490400477,0.00017690643870241758
91,0.09590039169026174,0.015262789154822404,0.19393864204731323,0.2711467225723647,0.32594100638361917,0.008290361295845546,0.028728218553068362,0.06079186830270495
92,0.02927509451549759,0.027815055670313126,0.2693728647753882,0.27443352431606816,0.20040183036207634,0.08158198016062923,0.10424708189585329,0.012872568304174102
93,0.0022216699120817802,0.15690827244564895,0.09579212887257825,0.06010914743928222,0.23372199561529042,0.026377419432670256,0.27881511120594243,0.14605425507650555
94,0.28327377205873866,0.05595318192210346,0.0736411782945297,0.07464577066982186,0.16433329196917768,0.04544023622920495,0.07647537858606566,0.22623719027035813
95,0.0527288479519254,0.1653506004225402,0.24463230476284042,0.14743160928376023,0.025430895907202274,0.22498927106500818,0.033291863430180084,0.10614460717654307
96,0.03291121646980381,0.0620835225368326,0.21861205982979307,0.09017876147079591,0.15693423381782715,0.14530723061678288,0.23340934612939895,0.06056362912876561
97,0.14645545734129745,0.18686933557024907,0.1471023901919226,0.04060418867127948,0.1961556330184849,0.049089961907596874,0.03941971064523241,0.1943033226539372
98,0.16883871088675967,0.0033810109834460185,0.011494436280658405,0.1293269260467391,0.1597164365004402,0.16953171123257446,0.17353698975102977,0.18417377831835244
99,0.1627652307394833,0.04850823349581876,0.003592631041899784,0.21870611056372433,0.15701554515070376,0.14193013191314602,0.0024108513321549735,0.2650712657630692
100,0.1331129270299892,0.24472305333536704,0.029634600389001255,0.004067582304065154,0.26109562207196907,0.10631768322150008,0.017459687135597816,0.20358884451251041
101,0.3089646402249226,0.0169539988021351,0.05859252052126328,0.10642735342341128,0.14828056286814958,0.07192277563993416,0.12932001966120654,0.1595381288589773
102,0.07004246876219627,0.16419595172777163,0.05323778086510313,0.16239800121434345,0.181530361579541,0.004329939625910066,0.1753523898814916,0.18891310634364286
103,0.12647664867059621,0.0018954330384790545,0.023320102738538233,0.1952248273224742,0.21371916430088309,0.18199601564265047,0.17280810484305076,0.08455970344332799
104,0.17456817280944756,0.022253061612617628,0.19706318427994696,0.0604532998558583,0.006427061699252038,0.24204856849862677,0.2951926503654663,0.001994000878784357
105,0.24353324511956073,0.09110264654908677,0.03971256596680153,0.06510238063490634,0.1931376957774141,0.25132089364333243,0.10012341186115543,0.01596716044774267
106,0.2923778990932467,0.06706114265037116,0.03240011191927474,0.17329293389350361,0.1205056731323921,0.024481921314473142,0.16773593577288773,0.12214438222385084
107,0.01167426773762954,0.035545716369958465,0.18037524290223889,0.06295171646087638,0.23562481059615245,0.020574328230383247,0.22344042167217149,0.22981349603058954
108,0.048621937196907515,0.15922870754784865,0.028289732213656917,0.008555430799581395,0.3092693221224395,0.12620861684836576,0.10304820175370226,0.21677805151749802
109,0.006878899771558867,0.1743154184037811,0.07326134450381852,0.016863437761121355,0.26233399734256935,0.24623529674962405,0.2026041805545769,0.01750742491294983
110,0.10417455739387195,0.04680015906980565,0.0018430115815974706,0.22092643476729648,0.0611365162457915,0.21951874567502141,0.08439356942709217,0.26120700583952333
111,0.25447122993836674,0.004276061936834768,0.1651932503144125,0.007195539815834453,0.3189770918739609,0.027988595389905474,0.1563343330853235,0.06556389764536157
112,0.016803634909171025,0.2640636691339244,0.05664311347265025,0.003036304968955379,0.13874469214974813,0.08620498353473807,0.14015869832419606,0.2943449035066168
113,0.11430253552426604,0.037259317563569073,0.026929433901875497,0.2639899520041471,0.05944051203403898,0.2228541890241481,0.23746242542223767,0.03776163452571754
114,0.26082957522710143,0.07453573807625234,0.014693408434251288,0.008943270578923126,0.07641289495491228,0.04754263354825044,0.21285160198602374,0.3041908771942853
115,0.05000683531203011,0.29525378920726714,0.19528132551193342,0.1257756005947439,0.010206514895132886,0.05721357622303658,0.14894449862410586,0.11731785963175004
116,0.06584447966137928,0.12582794821226576,0.1707778729702526,0.018513869798821567,0.15930968168906137,0.1865492784896587,0.16979946313274089,0.10337740604581978
117,0.08017221810371643,0.056715887913065886,0.1926190651546081,0.05175192033598766,0.27374332633635656,0.11658620584339423,0.0031314464466531754,0.22527992986621798
118,0.2324691783918868,0.23184868584091553,0.04497375982630305,0.2521419388218634,0.005095459095515203,0.04052426210750682,0.17256726850185788,0.020379447414151267
119,0.2751154261744579,0.0070949982123148635,0.1332868563537649,0.3008421195017542,0.1341634292585359,0.038526694408978185,0.044872750424277866,0.0660977256659162
120,0.2145843927902554,0.16349769143683057,0.1534776993079838,0.01720693235952779,0.11261217260658514,0.16269457911711502,0.174089769607234,0.0018367627744682205
121,0.16247806871400572,0.06861241605829331,0.06732578101430342,0.14816719829438163,0.018980543647330005,0.010233410763365269,0.22916156849478964,0.29504101301353114
122,0.2558435919939429,0.12170465954305754,0.24911325898444922,0.055585773247441836,0.0004438542113874584,0.012520293126452317,0.27789641522118264,0.026892153672086017
123,0.13718861956651873,0.17489493633512432,0.17858855676984509,0.17111791714670613,0.14224185398162695,0.13161154098791109,0.0019701388532201397,0.06238643635904761
124,0.004877871440890206,0.11982033791901306,0.11603843443736837,0.12556922934369413,0.22681350655289348,0.16872855081690571,0.1998409886232754,0.03831108086595961
125,0.2777303161885497,0.13000617486389113,0.13007792391426307,0.14957006037772066,0.04836002523440315,0.2004461917831626,0.05560216697781476,0.008207140660195053
126,0.12149751431330856,0.18720466679604186,0.017262353943929224,0.1370864396139121,0.21785155488479932,0.1529242047868612,0.1635245957624508,0.0026486698986969903
127,0.08740310413661216,0.09279963792286519,0.07663159866557365,0.1368332831723983,0.013274597041197584,0.16059805282108683,0.21255412110090582,0.21990560513936044
128,0.014377529248022766,0.2608395297909539,0.05454418885390101,0.037993532885387545,0.3013099868938309,0.02085517204021243,0.14460685411161767,0.1654732061760738
129,0.20015414686402838,0.2636364583141209,0.03268417792190751,0.010663993059671053,0.23512064166019553,0.15058848649397522,0.08451254310240029,0.02263955258370119
130,0.23016407556248877,0.003551618075283173,0.06318962499252537,0.030892657229436484,0.09500653581720671,0.26122476066201084,0.003937337400584857,0.3120333902604638
131,0.09018278823335003,0.19629519712639304,0.14947781235556443,0.1369099443880743,0.20229123436672486,0.19875800217029044,0.0249995778082136,0.0010854435513893395
132,0.08142976560489586,0.006531188153598883,0.20032088602136724,0.14702173377677372,0.17540778180433686,0.21091388795694496,0.16122810537319449,0.01714665130888806
133,0.1866367091337309,0.21350280484054213,0.13100771685665888,0.055733014749700216,0.0021156777955949027,0.15054194472677485,0.2376075950070263,0.02285453688997184
134,0.16598045244923879,0.2685054738426745,0.2642648951123956,0.0005675124611435155,0.003727703703488114,0.056840183330723756,0.10735622837020989,0.13275755073012582
135,0.018015876010983797,0.2945485967701945,0.013566098514553425,0.1344854328508338,0.18672118106390292,0.025657765146472184,0.11886302339743948,0.2081420262456198
136,0.23097957131598995,0.02010635460407564,0.2254685974232162,0.27125830625609226,0.020109045258071005,0.022083448053466525,0.1923914862146409,0.017603190874447536
137,0.0032024110834961783,0.2522393071729992,0.22186374635719525,0.12492429104092627,0.22075032891368435,0.15160976671335943,0.020555607919869164,0.00485454079847022
138,0.20513660013965898,0.020695261332159532,0.001542703824749159,0.07296728770285352,0.18098249782230014,0.1921366475044406,0.1681103171559131,0.15842868451792502
139,0.11552051478317525,0.04692122824611776,0.08320868060310531,0.0009319421105584751,0.2506942445634651,0.202780728615095,0.10655174393059892,0.19339091714788417
140,0.02861907327591981,0.306756150967391,0.08569471898752007,0.035035362285623886,0.22200197349168826,0.04728142992149764,0.13838717916310747,0.136224111907252
141,0.25961190874826745,0.1342535756271153,0.14572574868264127,0.2308388735390858,0.12097733465659485,0.01967463236571462,0.0009893672537126213,0.08792855912686791
142,0.034634431172765136,0.1419609339734853,0.14226304458974964,0.1976637587448371,0.25001147896497583,4.0296606954199474e-05,0.1674020281989702,0.06602402774826252
143,0.14081158094098692,0.010884730070941227,0.22182556986088012,0.009281209033353279,0.03246587184702973,0.09215518704905479,0.2891891073212147,0.2033867438765393
144,0.29849165481879625,0.08433402178848674,0.12335947308738383,0.12589556194080806,0.004205100537983031,0.05033940139320858,0.08395508127138629,0.22941970516194723
145,0.1534322751124765,0.11825923017145773,0.19991618267401898,0.026375944962970726,0.20564931591404545,0.04695758081975106,0.22922049066382882,0.020188979681450673
146,0.0017746027173618263,0.21681969303418572,0.1951992653187213,0.22333837461102646,0.2064436530442655,0.016131834291661228,0.01096026513944354,0.12933231184333446
147,0.22117634056188,0.040486337579613785,0.12990488771053188,0.04676646698116473,0.05475423238384962,0.03456888245935041,0.16967453974327582,0.30266831258033366
148,0.13168638224103937,0.17523982480284409,0.26158263563761874,0.07537577809661734,0.2994109408259413,0.03558771304282771,0.0028456908138570045,0.01827103453925469
149,0.1511979703343262,0.008366789571321054,0.193394246039428,0.22381849301191353,0.0168539711849555,0.20778543276601674,0.027462806175724372,0.1711202909163146
150,0.19117162208335262,0.22868986319828982,0.14828656475696703,0.1985709860588748,0.1658109312799891,0.04253131466940824,0.002035490851736285,0.022903227101382095
151,0.10865828717956871,0.13520807907802185,0.3004901065369455,0.02534126690002542,0.046508975555033465,0.05833447286603617,0.02803190303349959,0.29742690885086914
152,0.17370860051646766,0.12847518134215347,0.018247319672277242,0.2655212600793046,0.012105464468265744,0.04424951549634629,0.22725941835479666,0.13043324007038834
153,0.2760938907667512,0.250138838469602,0.04030434916202492,0.037440466567628505,0.1260943122567589,0.1009639560332807,0.0075130466407599935,0.1614511401031937
154,0.0030628632314745794,0.13384829002053192,0.009932633204400677,0.25364235574386185,0.2321030177320858,0.22769058418104587,0.04150535076420912,0.09821490512239013
155,0.1513327985750932,0.04683677925667729,0.12137708612239383,0.01157814397971864,0.2573823888874903,0.06384330086800423,0.19109845581871399,0.15655104649190843
156,0.25574663546631393,0.09815908652104291,0.006066686338419401,0.22008481564260005,0.004487003976251349,0.2418961511936354,0.17138409344991373,0.0021755274118231793
157,0.0071410872483398,0.21939123584795406,0.2418422631484968,0.06458395918851727,0.0225974036834412,0.28320958912580574,0.10976216413759636,0.051472297619848714
158,0.03734588190027205,0.19790051465978914,0.16724789691108247,0.05733340876684003,0.00274911705348458,0.12354130877808311,0.18777950681903727,0.2261023651114113
159,0.010240050194784066,0.030616271457316567,0.0945007790369295,0.023886203276848348,0.3221331669363635,0.28654724063509074,0.008636607354027853,0.2234396811086394
160,0.21625785892997357,0.21362527813856877,0.13338579185952523,0.17219860380412905,0.02469315426182847,0.0324059814454934,0.028519540160177798,0.17891379140030375
161,0.29848816130160516,0.05517743259531395,0.06345813896772058,2.902938267197684e-05,0.02747071092041176,0.00119682578816642,0.2432766891567876,0.31090301188732256
162,0.03753509708362847,0.20931805878883783,0.25934353324151527,0.25607146534072656,0.030691489894922583,0.024072569750138884,0.16449262586419827,0.01847516003603208
163,0.1260274411336143,0.09138567560030207,0.014015233374049666,0.1929412290976541,0.19096532418588344,0.08861464946188144,0.22545970240477195,0.07059074474184297
164,0.1429374231905748,0.20057834797763885,0.0794576729328875,0.008901095863098745,0.03092691648748046,0.2616587884625384,0.10249108762135635,0.17304866746442485
165,0.26957482593105603,0.009826130023196189,0.1713403000684686,0.18140127168026984,0.24972729491542345,0.04154216677114109,0.057318245697192655,0.019269764913252208
166,0.1408865452492339,0.21623942182401448,0.11067213585394223,0.218953266327984,0.12234753617003304,0.037338050968517764,0.13060400736816985,0.02295903623810473
167,0.07453311350005182,0.11518882313565602,0.07620247726115616,0.2610909109298525,0.14527176322193955,0.23458098696749213,0.0023001108359200816,0.09083181414793183
168,0.21162965954623308,0.018031129075660075,0.15072762755019106,0.112864926373607,0.033147767323880535,0.25779243822396797,0.009146433035793225,0.20666001887066696
169,0.2610619236915077,0.22732103313640312,0.098353874496373,0.14111502218891928,0.007220056515846269,0.2158955343882933,0.04577916488394422,0.0032533906987130927
170,0.20876841094139933,0.008997993724737642,0.022761345634085085,0.1781175516038189,0.16724780907513723,0.17620943272763584,0.0037520436605818653,0.23414541263260402
171,0.007060432044854934,0.08893677699782677,0.15789761257802482,0.21698013144717285,0.016936349628405938,0.2444816029480663,0.24574983968674793,0.021957254668900472
172,0.026234114919117407,0.02561794906678328,0.20643400755357907,0.07082732826593986,0.14671394605544621,0.1526718669244407,0.2041207743168361,0.1673800128978575
173,0.09258118322973885,0.21081815949478713,0.17716942020040602,0.28920613676463447,0.023551085282341098,0.011311878214956625,0.09517160884653415,0.10019052796660169
174,0.018391735743425522,0.3016795430053561,0.001958083954334143,0.006213439316056003,0.1263892966267543,0.20509121203916175,0.30691352274120487,0.033363166573707276
175,0.033960340708953624,0.19184219189669333,0.0329597070152395,0.157660236870691,0.13622057474305266,0.21451233695396577,0.0019415132760567252,0.2309030985353475
176,0.07844532387906311,0.16963553221775093,0.17236691738086443,0.11698100869736339,0.002399901727530634,0.22564364877447124,0.02045068687103738,0.21407698045191884
177,0.0011118036485951296,0.187578339795428,0.015407883636818746,0.19517852430466268,0.1377563999532479,0.19870320171335656,0.16059438229686684,0.10366946465102415
178,0.12001113193008713,0.3134651481598897,0.10271467955701367,0.014690168732909303,0.024042555316078792,0.04742857237495301,0.10178766760764558,0.2758600763214228
179,0.2440332124197691,0.00039442022386916256,0.24425912548797538,0.03456783642675738,0.022042775277119103,0.0732126111724393,0.24843481994635175,0.13305519904571883
180,0.013086344647441813,0.24980552647019158,0.2507809101463225,0.040233219781244216,0.22757177850297483,0.09349714262275578,0.1206098460075496,0.004415231821519739
181,0.2804513304854139,0.019089787177648445,0.04684155828738782,0.25041886573105565,0.021027324144931334,0.16418668987378443,0.1651425816917104,0.05284186260806809
182,0.011702536056388201,0.004162154377203256,0.27735125893574664,0.17062189740409878,0.18395913018988333,0.015512041175511491,0.2634134318510081,0.07327755001016036
183,0.02025927144991683,0.13342393797021748,0.17468597006433967,0.0026648044990729217,0.1778317895737343,0.01201710788671825,0.24101117800834737,0.23810594054765316
184,0.15013141858254228,0.03295333596722643,0.07936559525789033,0.037624910732953876,0.012759143612346183,0.20560535160368504,0.2308244160532549,0.2507358281901009
185,0.038266646463020845,0.3018881369942615,0.024075666627039447,0.10541071826256292,0.07752812417894023,0.2865665653470959,0.1513519416985792,0.01491220042850011
186,0.23259989272190681,0.022447850037168968,0.1343814014145098,0.07351044647499427,0.2634836306882169,0.057552346242060945,0.023521880813561113,0.19250255160758123
187,0.0025311503908210164,0.11515475056927708,0.041389651556437757,0.060205522947794216,0.14534021606652547,0.09564457374096148,0.26404270529880475,0.27569142942937824
188,0.1478711502013016,0.31128882017550613,0.09172303596185508,0.0033892411279595604,0.002110251842349319,0.30472885407999645,0.13201273355687923,0.006875913054152564
189,0.2508390451386945,0.2045284128920768,0.13177241928314826,0.2051129089901911,0.06758571433435495,0.0002648324110961939,0.12008702849881984,0.01980963845161833
190,0.18652376558405717,0.19872346058928686,0.09481013055905244,0.00200393167265016,0.2571790410755634,0.04666745326443082,0.17328122438472154,0.040810992870237595
191,0.0008767135633088211,0.21379951557765228,0.012820889114396869,0.05280298460878945,0.11295243062968191,0.20247198116994702,0.29171818156462537,0.11255730377159813
192,0.25254707847371144,0.27295841950025146,0.10923567037048686,0.05531054443666193,0.0006218052892068115,0.17148399752311647,0.06012415101106624,0.07771833339549865
193,0.022341054783339646,0.14562145508781685,0.2310666331110031,0.12031575196954779,0.15326428876416487,0.19520254368672935,0.12107442105992616,0.011113851537472224
194,0.08807267539557921,0.32669054971769546,0.029848946820098594,0.07656591717182692,0.22732009555448685,0.058323574935351695,0.13704571178119587,0.056132528623765506
195,0.20810803822713853,0.08159695670154868,0.018100239709439293,0.05199653889672457,0.12440938761300106,0.23345194528950977,0.22154506757674514,0.06079182598589296
196,0.005771996687265481,0.13283866126834737,0.1898794744192116,0.22093809158243735,0.004808998009195634,0.20539049507751234,0.1072184822258948,0.13315380073013552
197,0.14569445681890403,0.1240784635865349,0.2641700379827337,6.522444650232469e-06,0.1301609578236713,0.05160903622971906,0.030063654918581647,0.2542168701952052
198,0.2837308700627629,0.21951254857142435,0.0860408671830354,0.2108453929289279,0.003644088553560681,0.024802141132813472,0.15375756079799008,0.017666530769485187
199,0.01389417873516602,0.018326019300796324,0.0717034626449337,0.24533965409036834,0.0021926390950663885,0.31342770191100955,0.09698422259540701,0.23813212162725275
200,0.06998877858942423,0.07448643598024764,0.2684752010720147,0.26432574753375354,0.07057782975815985,0.12364942843875856,0.08964959654993351,0.03884698207770787
201,0.25126684640903857,0.29027245194919993,0.06312968883579505,0.1345463080407607,0.22303997431995884,0.015208689235047175,0.006579259897839151,0.015956781312360682
202,0.21596038746808635,0.021565646322888692,0.22275829558165586,0.18438905957518253,0.08498899441060155,0.024671356710770635,0.0010386718778008155,0.24462758805301357
203,0.22492788163343047,0.18103895855240282,0.1339233376062324,0.17592932162934197,0.1795276233200588,0.0067487958872220945,0.09564821626530613,0.002255865106005395
204,0.012470487929986344,0.02002045466109577,0.11329410255620428,0.29831570664736895,0.02397211647322497,0.08203806933824859,0.1913698841314821,0.258519178262389
205,0.23016136815967494,0.027317583477049247,0.2327529731675734,0.02935748313955334,0.010261555285468935,0.02486103648916545,0.13713462420997424,0.30815337607154053
206,0.2096160656267261,0.017379655064459584,0.32580276932335644,0.014096108176465628,0.07832834267400322,0.12263456905703365,0.22451881611015556,0.007623673967799695
207,0.12536204894370168,0.3002504041845848,0.12275424673147468,0.060256607071485176,0.08492210065703008,0.004356736695834715,0.28103782259965326,0.02106003311623567
208,0.009878333791140923,0.12360312448609297,0.22383895410179236,0.21883224490968398,0.16651459392476362,0.028597360513910278,0.023143718762649167,0.20559166950996666
209,0.20744808245734866,0.025236846179776815,0.25543617920197714,0.11746149527271084,0.008605010178469945,0.19240364635337015,0.0018105133917285707,0.19159822696461798
210,0.2680815109354295,0.11430847246195612,0.07662945697518872,0.29819012600634176,0.011740961302809083,0.09179286217274601,0.014875023315456254,0.12438158683007264
211,0.030810643631562273,0.07792801856763987,0.15151137897188424,0.20131108440956433,0.1028713734677998,0.016842216505290705,0.17523031058899868,0.2434949738572602
212,0.2304151142576333,0.01706901081377284,0.12081364966577826,0.010374013090928435,0.2659002245388606,0.20563567984232456,0.07417596883865735,0.07561633895204475
213,0.11494961945115363,0.006218951358038235,0.08827250675561414,0.04464687436315949,0.009523989553190716,0.29036180072656326,0.18029880229695747,0.26572745549532306
214,0.0006395187691920791,0.02166158991241886,0.2267055762395108,0.01590794353128877,0.19831218154879682,0.17289533996105483,0.2936197154764625,0.07025813456127523
215,0.02905542924238312,0.24723163808841933,0.16539037055358433,0.1974322009341106,0.03230958313803266,0.19339862807473662,0.007713595136241977,0.12746855483249137
216,0.316653879371269,0.00035854514098325663,0.01450509185058094,0.07618615100807664,0.2486385650509872,0.12182519037674834,0.039722218261580615,0.18211035893977406
217,0.14495067480510385,0.011192177258481132,0.03231171518847635,0.23181434694095726,0.23740336274147936,0.08166122256074503,0.17855848433255223,0.08210801617220478
218,0.12847090111703013,0.13046090188552434,0.0020041576762365337,0.17521574090947947,0.06706287465662672,0.04215966953325259,0.2875911029701532,0.167034651251697
219,0.10015805805773306,0.04388029418386319,0.25367516983185434,0.14025954440592542,0.006455350570035867,0.008939494412187823,0.3252383487797298,0.12139373975867031
220,0.008390388450579947,0.13439383755463596,0.014868049542122671,0.0029918970741914606,0.2785707769152736,0.2970688122379405,0.05698442126439127,0.2067318169608646
221,0.01228570956603017,0.00864970317787244,0.11790729955241522,0.12242908144922042,0.13255046200509432,0.22737743639033628,0.07659729543141597,0.30220301242761527
222,0.1318976208428461,0.10254453866705449,0.0038005843301228636,0.08303885152326379,0.2591085805618834,0.16646895888461247,0.1288916860212555,0.12424917916896148
223,0.20438799802689314,0.16659316409704752,0.16559871455823313,0.07296080082266997,0.1450599214449324,0.006660479958135343,0.2345468127028878,0.004192108389200731
224,0.00020844889059715082,0.14820544224879215,0.17497915150472484,0.037732589591847256,0.020960665873861806,0.2690605697088166,0.05983977556712944,0.2890133566142308
225,0.18246375028847028,0.1891159230922213,0.12264324842035548,0.013268688418488618,0.19263248307584102,0.13719483736652918,0.15883209446248653,0.0038489748756074704
226,0.26361011478525126,0.048088297632280896,0.06279742420698561,0.037184921152093056,0.006692097923745687,0.12889352215425812,0.18202778246312087,0.2707058396822644
227,0.0433635336251262,0.32599938094228076,0.1410097643098933,0.11499512809236093,0.19636014323388704,0.011392252758321134,0.13107231290762536,0.03580748413050507
228,0.15934654447113716,0.05390535016096764,0.0193827324095514,0.1371693192570907,0.28134620957501005,0.08192860981228195,0.03006241883369826,0.23685881548026289
229,0.23447594878980046,0.23426252677783377,0.01094441521306123,0.03397916234137724,0.2421555818067776,0.03258338006570964,0.15075843942191955,0.0608405455835204
230,0.014238550394722037,0.1008107464775685,0.19042650545176046,0.10644331010820265,0.2371502701432446,0.18034995595477343,0.002347539244598914,0.16823312222512943
231,0.1641072887056061,0.189189003755679,0.26392229404209927,0.26796166668804483,0.05396869552923191,0.03579177819003209,0.013646826762375308,0.011412446326931497
232,0.2262909131984894,0.1715511079070841,0.07522057018755293,0.2799223776474952,0.12079852697222612,0.02681626205822374,0.0003294479024026338,0.0990707941265257
233,0.030107482188009068,0.23542987057133766,0.12054384997905553,0.13306325987529652,0.11699070857897366,0.21916361078780525,0.005204610640309463,0.13949660737921282
234,0.012786982638338086,0.14738906092804774,0.2647897269971801,0.3158613232202359,0.02055062773190512,0.02923118762504512,0.07838051482698039,0.13101057603226748
235,0.09929465893893215,0.011046204111948744,0.30985584070256955,0.04806860746315671,0.190724473298578,0.13215119319356888,0.1734179720870824,0.035441050204163625
236,0.13022229162593763,0.2515412803051235,0.05784403921948219,0.03811147686625031,0.11504201200640712,0.11697896923541741,0.28598562375681114,0.004274306984570545
237,0.0899828760491878,0.2173288719391966,0.012087460599503075,0.008564507269661138,0.006857997598239047,0.1895346435225622,0.23124760963417884,0.2443960333874713
238,0.011185224077111268,0.05588960702494405,0.31413099230865305,0.1250195161284354,0.01668120836984361,0.18183476802740528,0.16018372013564142,0.1350749639279661
239,0.14542507308266378,0.01963396879792782,0.22331861962887872,0.2307103576853924,0.02823701399259945,0.18796599070233888,0.15481305240398663,0.009895923706212267
240,0.15314629088887896,0.011770664154899949,0.2943937097731017,0.20748310068576567,0.10887690530871018,0.1310528063893051,0.04775386639400488,0.045522656405333685
241,0.10249358184243441,0.1812360386919606,0.2240865935109114,0.0027087651028979243,0.17254285047186874,0.22444248239791606,0.013238188366164938,0.07925149961584606
242,0.23158485664625833,0.12900232282847457,0.2274162530124198,0.14622401937067642,0.007265040076644402,0.004449376244727697,0.24113894945068948,0.012919182370109448
243,0.12808443937636702,0.04297143603862394,0.027335838381806258,0.007708146394630981,0.18043055887434348,0.1687579852195633,0.24785397859381508,0.19685761712084998
